AUC_macro: 0.6487692279872148
AUC_micro: 0.6400191326530612
AUC_weighted: 0.6443838366195039
accuracy: 0.48571428571428577
accuracy_table: aml://artifactId/ExperimentRun/dcid.AutoML_0b523041-9f54-4052-aca3-295302760c8b_36/accuracy_table
average_precision_score_macro: 0.5160930797799741
average_precision_score_micro: 0.4983234741550838
average_precision_score_weighted: 0.5186532042319121
balanced_accuracy: 0.49992399833058065
confusion_matrix: aml://artifactId/ExperimentRun/dcid.AutoML_0b523041-9f54-4052-aca3-295302760c8b_36/confusion_matrix
f1_score_macro: 0.4714976597590108
f1_score_micro: 0.48571428571428577
f1_score_weighted: 0.46298312594942875
log_loss: 1.0480846979893765
matthews_correlation: 0.24233633288039175
norm_macro_recall: 0.24988599749587098
precision_score_macro: 0.47842561026194474
precision_score_micro: 0.48571428571428577
precision_score_weighted: 0.4780459710381001
recall_score_macro: 0.49992399833058065
recall_score_micro: 0.48571428571428577
recall_score_weighted: 0.48571428571428577
weighted_accuracy: 0.469931153633569
